00.0 04.3 09.0 14.7 17.2 13.1 11.8 11.3 08.2 10.7 08.4 14.1 18.5 17.3
04.3 00.0 05.3 10.3 13.1 12.7 10.3 06.9 04.3 07.4 05.9 11.3 14.8 12.9
09.0 05.3 00.0 05.9 08.5 10.9 07.7 04.1 06.5 08.9 09.4 14.5 13.9 10.3
14.7 10.3 05.9 00.0 02.9 15.0 12.7 04.0 09.1 09.7 12.2 14.7 10.6 06.0
17.2 13.1 08.5 02.9 00.0 16.0 12.3 07.0 12.0 15.3 14.8 17.3 12.7 06.9
13.1 12.7 10.9 15.0 16.0 00.0 03.2 15.1 16.5 18.5 19.0 24.3 25.2 21.1
11.8 10.3 07.7 12.7 12.3 03.2 00.0 12.0 13.3 16.4 16.0 22.2 22.6 17.1
11.3 06.9 04.1 04.0 07.0 15.1 12.0 00.0 05.0 05.6 07.9 12.4 09.8 06.4
08.2 04.3 06.5 09.1 12.0 16.5 13.3 05.0 00.0 03.0 03.4 08.1 10.9 09.6
10.7 07.4 08.9 09.7 15.3 18.5 16.4 05.6 03.0 00.0 03.4 05.6 07.7 08.4
08.4 05.9 09.4 12.2 14.8 19.0 16.0 07.9 03.4 03.4 00.0 05.9 11.2 12.7
14.1 11.3 14.5 14.7 17.3 24.3 22.2 12.4 08.1 05.6 05.9 00.0 08.6 12.3
18.5 14.8 13.9 10.6 12.7 25.2 22.6 09.8 10.9 07.7 11.2 08.6 00.0 06.1
17.3 12.9 10.3 06.0 06.9 21.1 17.1 06.4 09.6 08.4 12.7 12.3 06.1 00.0